t		|				r1			|			v1				|				r2			|			v2				|				r3			|			v3				|
     0.00	|	     0.00     0.00     0.00	|	    15.00    25.00    35.00	|	  3000.00  2000.00     0.00	|	    -5.00    10.00   -10.00	|	  3000.00 -2000.00     0.00	|	    -5.00   -10.00    10.00	|
     9.90	|	   154.31   250.00   349.82	|	    15.87    25.00    34.95	|	  2927.63  2083.10   -98.79	|	    -9.58     6.56    -9.62	|	  2929.30 -2083.06   100.54	|	    -9.07    -6.55    10.16	|
    19.90	|	   317.37   499.99   698.48	|	    16.75    25.00    34.76	|	  2806.27  2129.97  -189.19	|	   -14.80     2.75    -8.26	|	  2820.04 -2129.90   204.33	|	   -12.70    -2.77    10.65	|
    29.90	|	   489.37   750.06  1044.44	|	    17.65    25.01    34.40	|	  2629.54  2136.92  -259.07	|	   -20.63    -1.41    -5.43	|	  2676.82 -2137.49   314.44	|	   -15.86     1.29    11.42	|
    39.90	|	   670.30  1000.22  1385.68	|	    18.53    25.02    33.81	|	  2392.38  2101.12  -290.98	|	   -26.82    -5.76    -0.56	|	  2504.63 -2103.38   433.68	|	   -18.49     5.56    12.47	|
    49.90	|	   859.75  1250.33  1719.62	|	    19.34    24.99    32.93	|	  2093.79  2022.35  -261.34	|	   -32.78    -9.92     6.96	|	  2308.71 -2025.75   564.50	|	   -20.60     9.99    13.73	|
    59.90	|	  1056.44  1499.74  2043.23	|	    19.96    24.87    31.75	|	  1740.95  1905.68  -142.07	|	   -37.46   -13.21    17.35	|	  2094.42 -1903.32   708.96	|	   -22.17    14.51    15.18	|
    69.90	|	  1257.92  1747.11  2353.76	|	    20.28    24.57    30.33	|	  1353.13  1763.79    93.05	|	   -39.58   -14.84    29.92	|	  1867.08 -1735.27   868.67	|	   -23.22    19.10    16.78	|
    79.90	|	  1460.67  1990.46  2649.72	|	    20.21    24.06    28.87	|	   960.76  1616.05   457.82	|	   -38.32   -14.36    42.92	|	  1631.75 -1521.07  1044.84	|	   -23.77    23.75    18.47	|
    89.90	|	  1660.89  2227.70  2931.63	|	    19.79    23.36    27.55	|	   597.13  1482.80   945.92	|	   -33.97   -12.05    54.28	|	  1393.09 -1260.17  1238.44	|	   -23.89    28.45    20.26	|
    99.90	|	  1855.62  2457.34  3201.76	|	    19.13    22.56    26.52	|	   287.85  1378.24  1533.63	|	   -27.67    -8.78    62.73	|	  1155.17  -951.82  1450.52	|	   -23.64    33.24    22.18	|
   109.90	|	  2043.22  2678.77  3463.01	|	    18.38    21.73    25.77	|	    46.10  1307.47  2189.91	|	   -20.64    -5.42    68.02	|	   921.34  -594.86  1682.87	|	   -23.08    38.17    24.34	|
   119.90	|	  2223.11  2892.06  3718.03	|	    17.60    20.94    25.26	|	  -125.21  1268.55  2884.66	|	   -13.69    -2.44    70.50	|	   694.40  -188.22  1938.96	|	   -22.26    43.15    26.97	|
   129.90	|	  2395.31  3097.72  3968.84	|	    16.84    20.20    24.92	|	  -229.51  1257.42  3592.18	|	    -7.30     0.19    70.68	|	   477.49   267.25  2224.46	|	   -21.04    47.86    30.23	|
   139.90	|	  2560.04  3296.38  4216.79	|	    16.11    19.54    24.69	|	  -274.19  1272.35  4293.09	|	    -1.80     2.82    69.33	|	   275.73   766.66  2545.09	|	   -19.18    51.88    33.93	|
   149.90	|	  2717.50  3488.77  4462.80	|	    15.39    18.95    24.53	|	  -268.71  1314.28  4976.49	|	     2.74     5.58    67.30	|	    96.52  1301.94  2902.73	|	   -16.53    55.04    37.55	|
   159.90	|	  2867.82  3675.61  4707.48	|	    14.68    18.43    24.42	|	  -222.01  1383.94  5638.74	|	     6.48     8.33    65.15	|	   -52.31  1865.07  3294.79	|	   -13.13    57.48    40.78	|
   169.90	|	  3011.01  3857.62  4951.33	|	    13.96    17.98    24.36	|	  -141.07  1480.48  6279.68	|	     9.62    10.94    63.05	|	  -164.06  2449.52  3716.59	|	    -9.13    59.32    43.50	|
   179.90	|	  3147.07  4035.56  5194.74	|	    13.25    17.62    24.33	|	   -30.98  1602.08  6900.02	|	    12.33    13.34    61.03	|	  -233.52  3049.58  4163.20	|	    -4.70    60.60    45.74	|
   189.90	|	  3275.99  4210.19  5438.15	|	    12.54    17.32    24.35	|	   104.47  1746.64  7500.39	|	    14.71    15.53    59.05	|	  -256.95  3659.71  4629.86	|	     0.05    61.33    47.52	|
   199.90	|	  3397.84  4382.28  5681.95	|	    11.83    17.11    24.41	|	   262.40  1912.13  8081.17	|	    16.84    17.53    57.11	|	  -232.04  4274.21  5112.08	|	     4.95    61.48    48.85	|
   209.90	|	  3512.75  4552.59  5926.56	|	    11.15    16.97    24.52	|	   440.49  2096.77  8642.55	|	    18.75    19.37    55.17	|	  -157.86  4887.34  5605.50	|	     9.88    61.06    49.76	|
   219.90	|	  3620.96  4721.83  6172.41	|	    10.50    16.89    24.66	|	   636.81  2298.99  9184.51	|	    20.49    21.06    53.22	|	   -34.87  5493.51  6105.95	|	    14.69    60.09    50.26	|
   229.90	|	  3722.78  4890.66  6419.89	|	     9.88    16.88    24.84	|	   849.75  2517.47  9706.91	|	    22.08    22.62    51.26	|	   135.29  6087.48  6609.54	|	    19.29    58.63    50.39	|
   239.90	|	  3818.64  5059.65  6669.39	|	     9.30    16.93    25.06	|	  1077.89  2751.04 10209.54	|	    23.53    24.08    49.26	|	   349.91  6664.61  7112.71	|	    23.57    56.73    50.19	|
   249.90	|	  3909.01  5229.31  6921.24	|	     8.78    17.01    25.31	|	  1319.96  2998.70 10692.06	|	    24.86    25.44    47.23	|	   605.48  7220.96  7612.32	|	    27.47    54.48    49.69	|
   259.90	|	  3994.39  5400.04  7175.77	|	     8.31    17.14    25.60	|	  1574.81  3259.57 11154.08	|	    26.09    26.72    45.16	|	   897.97  7753.37  8105.69	|	    30.95    51.96    48.95	|
   269.90	|	  4075.35  5572.15  7433.23	|	     7.89    17.29    25.90	|	  1841.39  3532.89 11595.13	|	    27.21    27.93    43.04	|	  1223.01  8259.45  8590.64	|	    33.98    49.23    48.01	|
   279.90	|	  4152.41  5745.89  7693.86	|	     7.53    17.46    26.23	|	  2118.67  3817.96 12014.65	|	    28.23    29.07    40.86	|	  1576.18  8737.55  9065.41	|	    36.57    46.37    46.92	|
   289.90	|	  4226.12  5921.41  7957.85	|	     7.22    17.65    26.57	|	  2405.70  4114.16 12412.03	|	    29.16    30.16    38.61	|	  1953.07  9186.64  9528.70	|	    38.73    43.44    45.72	|
   299.90	|	  4296.98  6098.82  8225.36	|	     6.96    17.84    26.93	|	  2701.52  4420.92 12786.57	|	    29.99    31.19    36.28	|	  2349.50  9606.24  9979.58	|	    40.49    40.48    44.45	|
   309.90	|	  4365.50  6278.18  8496.55	|	     6.75    18.03    27.31	|	  3005.16  4737.72 13137.44	|	    30.72    32.17    33.88	|	  2761.54  9996.33 10417.45	|	    41.86    37.54    43.12	|
   319.90	|	  4432.13  6459.51  8771.52	|	     6.58    18.23    27.69	|	  3315.66  5064.06 13463.76	|	    31.36    33.10    31.37	|	  3185.56 10357.22 10841.98	|	    42.89    34.65    41.78	|
   329.90	|	  4497.31  6642.80  9050.40	|	     6.46    18.43    28.09	|	  3632.00  5399.46 13764.49	|	    31.89    33.98    28.76	|	  3618.26 10689.46 11253.04	|	    43.60    31.82    40.43	|
   339.90	|	  4561.43  6828.03  9333.29	|	     6.37    18.62    28.49	|	  3953.07  5743.44 14038.46	|	    32.31    34.81    26.02	|	  4056.66 10993.80 11650.71	|	    44.03    29.07    39.10	|
   349.90	|	  4624.89  7015.15  9620.31	|	     6.33    18.81    28.91	|	  4277.68  6095.52 14284.37	|	    32.59    35.59    23.14	|	  4498.11 11271.11 12035.19	|	    44.22    26.41    37.80	|
   359.90	|	  4688.06  7204.12  9911.59	|	     6.32    18.99    29.34	|	  4604.49  6455.16 14500.70	|	    32.74    36.32    20.10	|	  4940.22 11522.30 12406.77	|	    44.17    23.85    36.53	|
   369.90	|	  4751.31  7394.92 10207.25	|	     6.34    19.17    29.79	|	  4931.96  6821.79 14685.73	|	    32.72    36.99    16.88	|	  5380.85 11748.34 12765.82	|	    43.93    21.38    35.29	|
   379.90	|	  4815.01  7587.50 10507.44	|	     6.41    19.35    30.25	|	  5258.30  7194.75 14837.51	|	    32.51    37.59    13.44	|	  5818.12 11950.14 13112.79	|	    43.50    19.00    34.11	|
   389.90	|	  4879.55  7781.87 10812.36	|	     6.51    19.53    30.73	|	  5581.34  7573.23 14953.81	|	    32.06    38.09     9.77	|	  6250.30 12128.59 13448.12	|	    42.91    16.71    32.97	|
   399.90	|	  4945.35  7978.05 11122.19	|	     6.66    19.71    31.24	|	  5898.42  7956.21 15032.07	|	    31.31    38.48     5.83	|	  6675.83 12284.51 13772.29	|	    42.17    14.49    31.87	|
   409.90	|	  5012.88  8176.09 11437.20	|	     6.86    19.90    31.77	|	  6206.22  8342.39 15069.42	|	    30.18    38.72     1.59	|	  7093.27 12418.59 14085.75	|	    41.29    12.34    30.83	|
   419.90	|	  5082.72  8376.11 11757.64	|	     7.12    20.11    32.33	|	  6500.47  8729.98 15062.72	|	    28.57    38.75    -2.98	|	  7501.23 12531.40 14388.93	|	    40.28    10.23    29.81	|
   429.90	|	  5155.56  8578.33 12083.83	|	     7.46    20.34    32.92	|	  6775.59  9116.46 15008.63	|	    26.33    38.48    -7.89	|	  7898.34 12623.39 14682.13	|	    39.12     8.17    28.83	|
   439.90	|	  5232.28  8783.08 12416.06	|	     7.90    20.62    33.53	|	  7024.19  9498.18 14903.97	|	    23.23    37.77   -13.08	|	  8283.17 12694.83 14965.52	|	    37.82     6.13    27.85	|
   449.90	|	  5314.03  8990.88 12754.59	|	     8.47    20.96    34.17	|	  7236.31  9869.64 14746.45	|	    18.98    36.38   -18.42	|	  8654.21 12746.01 15238.98	|	    36.36     4.12    26.84	|
   459.90	|	  5402.33  9202.53 13099.45	|	     9.22    21.39    34.79	|	  7398.57 10222.46 14536.07	|	    13.18    33.97   -23.58	|	  9009.84 12777.42 15502.06	|	    34.74     2.18    25.77	|
   469.90	|	  5499.07  9419.15 13450.23	|	    10.17    21.96    35.34	|	  7493.42 10544.21 14277.68	|	     5.43    30.09   -27.88	|	  9348.58 12790.10 15754.10	|	    32.99     0.39    24.63	|
   479.90	|	  5606.48  9642.27 13805.58	|	    11.35    22.69    35.69	|	  7499.76 10818.07 13985.06	|	    -4.51    24.35   -30.18	|	  9669.28 12785.78 15994.67	|	    31.14    -1.21    23.48	|
   489.90	|	  5726.68  9873.58 14162.70	|	    12.71    23.59    35.66	|	  7397.31 11025.01 13686.16	|	   -16.16    16.77   -28.84	|	  9971.20 12766.47 16223.90	|	    29.23    -2.62    22.37	|
   499.90	|	  5860.67 10114.41 14517.03	|	    14.07    24.57    35.11	|	  7176.47 11150.03 13425.76	|	   -27.80     8.19   -22.31	|	 10253.76 12733.94 16442.41	|	    27.27    -3.86    21.34	|
   509.90	|	  6007.24 10364.79 14863.15	|	    15.18    25.47    34.04	|	  6850.00 11191.14 13257.48	|	   -36.84     0.31   -10.61	|	 10516.22 12689.60 16650.97	|	    25.21    -4.99    20.38	|
   519.90	|	  6162.77 10623.03 15196.77	|	    15.85    26.13    32.66	|	  6454.95 11164.16 13223.51	|	   -41.35    -5.22     4.04	|	 10757.63 12634.58 16850.24	|	    23.05    -6.00    19.48	|
   529.90	|	  6322.70 10886.28 15516.47	|	    16.07    26.48    31.30	|	  6038.37 11096.53 13337.65	|	   -41.31    -7.84    18.55	|	 10976.77 12569.96 17040.79	|	    20.76    -6.91    18.63	|
   539.90	|	  6483.25 11151.72 15823.49	|	    16.00    26.58    30.15	|	  5639.30 11015.42 13587.09	|	   -38.12    -8.06    30.89	|	 11172.27 12496.88 17223.04	|	    18.32    -7.69    17.82	|
   549.90	|	  6642.22 11417.25 16120.36	|	    15.78    26.51    29.27	|	  5281.38 10940.50 13946.20	|	   -33.30    -6.74    40.47	|	 11342.66 12416.63 17397.37	|	    15.73    -8.34    17.05	|
   559.90	|	  6798.70 11681.59 16409.71	|	    15.52    26.35    28.64	|	  4975.14 10883.26 14388.15	|	   -27.91    -4.62    47.54	|	 11486.44 12330.70 17564.12	|	    13.00    -8.82    16.31	|
   569.90	|	  6952.60 11943.99 16693.78	|	    15.27    26.13    28.20	|	  4723.02 10849.31 14890.21	|	   -22.54    -2.14    52.58	|	 11602.10 12240.80 17723.69	|	    10.11    -9.13    15.61	|
   579.90	|	  7104.24 12204.07 16974.28	|	    15.07    25.88    27.92	|	  4523.34 10840.69 15434.73	|	   -17.45     0.42    56.10	|	 11688.16 12148.88 17876.50	|	     7.08    -9.22    14.96	|
   589.90	|	  7254.09 12461.59 17252.47	|	    14.91    25.62    27.74	|	  4372.67 10857.52 16008.50	|	   -12.75     2.93    58.49	|	 11743.19 12057.14 18023.05	|	     3.91    -9.08    14.36	|
   599.90	|	  7402.68 12716.38 17529.29	|	    14.81    25.34    27.64	|	  4267.02 10898.95 16601.72	|	    -8.45     5.33    60.04	|	 11765.86 11968.06 18163.93	|	     0.61    -8.68    13.83	|
   609.90	|	  7550.53 12968.29 17805.37	|	    14.76    25.04    27.59	|	  4202.48 10963.69 17207.15	|	    -4.52     7.59    60.96	|	 11754.92 11884.43 18299.85	|	    -2.81    -7.99    13.37	|
   619.90	|	  7698.11 13217.17 18081.19	|	    14.76    24.73    27.58	|	  4175.42 11050.32 17819.31	|	    -0.94     9.71    61.41	|	 11709.27 11809.34 18431.67	|	    -6.33    -6.97    13.01	|
   629.90	|	  7845.83 13462.80 18357.04	|	    14.79    24.39    27.60	|	  4182.60 11157.40 18434.10	|	     2.33    11.68    61.50	|	 11628.02 11746.27 18560.38	|	    -9.93    -5.58    12.75	|
   639.90	|	  7994.05 13704.94 18633.14	|	    14.86    24.03    27.63	|	  4221.15 11283.54 19048.32	|	     5.34    13.52    61.31	|	 11510.50 11699.04 18687.19	|	   -13.58    -3.79    12.63	|
   649.90	|	  8143.03 13943.28 18909.59	|	    14.94    23.63    27.66	|	  4288.57 11427.48 19659.46	|	     8.11    15.24    60.89	|	 11356.42 11671.94 18813.53	|	   -17.24    -1.55    12.66	|
   659.90	|	  8292.98 14177.48 19186.42	|	    15.05    23.20    27.70	|	  4382.69 11588.02 20265.54	|	    10.68    16.85    60.30	|	 11165.91 11669.67 18941.08	|	   -20.85     1.18    12.88	|
   669.90	|	  8444.02 14407.13 19463.59	|	    15.16    22.72    27.73	|	  4501.62 11764.09 20864.89	|	    13.08    18.35    59.55	|	 10939.73 11697.40 19071.85	|	   -24.36     4.46    13.31	|
   679.90	|	  8596.15 14631.77 19741.02	|	    15.27    22.20    27.75	|	  4643.72 11954.71 21456.13	|	    15.32    19.76    58.68	|	 10679.42 11760.73 19208.17	|	   -27.66     8.31    14.00	|
   689.90	|	  8749.26 14850.89 20018.54	|	    15.35    21.62    27.75	|	  4807.54 12158.97 22038.05	|	    17.43    21.08    57.69	|	 10387.57 11865.65 19352.78	|	   -30.64    12.78    14.98	|
   699.90	|	  8903.08 15063.95 20295.96	|	    15.40    20.99    27.73	|	  4991.84 12376.05 22609.52	|	    19.41    22.32    56.59	|	 10068.09 12018.35 19508.79	|	   -33.16    17.87    16.28	|
   709.90	|	  9057.17 15270.42 20573.04	|	    15.40    20.30    27.68	|	  5195.47 12605.21 23169.53	|	    21.30    23.50    55.39	|	  9726.55 12224.99 19679.70	|	   -35.02    23.56    17.96	|
   719.90	|	  9210.88 15469.80 20849.49	|	    15.32    19.57    27.60	|	  5417.43 12845.78 23717.06	|	    23.08    24.61    54.10	|	  9370.47 12491.28 19869.33	|	   -36.03    29.78    20.03	|
   729.90	|	  9363.34 15661.69 21125.03	|	    15.15    18.80    27.50	|	  5656.74 13097.13 24251.11	|	    24.77    25.66    52.70	|	  9009.55 12821.82 20081.59	|	   -35.95    36.38    22.49	|
   739.90	|	  9513.46 15845.86 21399.37	|	    14.85    18.03    27.37	|	  5912.50 13358.74 24770.72	|	    26.37    26.66    51.21	|	  8655.67 13219.37 20320.24	|	   -34.59    43.13    25.30	|
   749.90	|	  9659.95 16022.37 21672.30	|	    14.42    17.28    27.22	|	  6183.78 13630.12 25274.91	|	    27.87    27.61    49.62	|	  8322.55 13683.91 20588.49	|	   -31.79    49.72    28.39	|
   759.90	|	  9801.46 16191.61 21943.69	|	    13.86    16.58    27.06	|	  6469.68 13910.88 25762.73	|	    29.29    28.53    47.93	|	  8024.84 14211.89 20888.43	|	   -27.51    55.75    31.62	|
   769.90	|	  9936.64 16354.36 22213.58	|	    13.16    15.99    26.92	|	  6769.31 14200.64 26233.30	|	    30.62    29.42    46.16	|	  7776.84 14795.85 21220.70	|	   -21.88    60.85    34.82	|
   779.90	|	 10064.35 16511.76 22482.16	|	    12.37    15.52    26.80	|	  7081.77 14499.09 26685.75	|	    31.86    30.27    44.31	|	  7590.88 15424.60 21584.13	|	   -15.16    64.67    37.82	|
   789.90	|	 10183.78 16665.23 22749.81	|	    11.51    15.20    26.73	|	  7406.21 14805.89 27119.23	|	    33.02    31.09    42.37	|	  7475.90 16084.27 21975.80	|	    -7.76    67.01    40.45	|
   799.90	|	 10294.54 16816.32 23017.05	|	    10.64    15.04    26.72	|	  7741.82 15120.71 27532.89	|	    34.09    31.87    40.35	|	  7436.57 16759.68 22391.41	|	    -0.11    67.83    42.59	|
   809.90	|	 10396.68 16966.53 23284.47	|	     9.79    15.03    26.77	|	  8087.76 15443.17 27925.83	|	    35.08    32.61    38.23	|	  7473.21 17436.04 22825.82	|	     7.38    67.22    44.20	|
   819.90	|	 10490.61 17117.24 23552.70	|	     9.00    15.13    26.89	|	  8443.22 15772.86 28297.10	|	    35.99    33.32    36.01	|	  7582.42 18100.13 23273.64	|	    14.36    65.41    45.28	|
   829.90	|	 10577.03 17269.56 23822.37	|	     8.29    15.34    27.06	|	  8807.32 16109.31 28645.67	|	    36.81    33.97    33.68	|	  7758.09 18741.14 23729.75	|	    20.64    62.65    45.87	|
   839.90	|	 10656.80 17424.38 24094.05	|	     7.68    15.63    27.28	|	  9179.10 16452.01 28970.41	|	    37.53    34.56    31.24	|	  7992.51 19350.88 24189.60	|	    26.10    59.20    46.04	|
   849.90	|	 10730.86 17582.33 24368.22	|	     7.15    15.97    27.56	|	  9557.50 16800.38 29270.14	|	    38.13    35.10    28.68	|	  8277.30 19923.63 24649.41	|	    30.72    55.29    45.87	|
   859.90	|	 10800.17 17743.83 24645.32	|	     6.72    16.34    27.87	|	  9941.32 17153.78 29543.58	|	    38.61    35.57    25.99	|	  8604.10 20455.77 25106.15	|	    34.51    51.11    45.44	|
   869.90	|	 10865.65 17909.15 24925.73	|	     6.39    16.73    28.22	|	 10329.20 17511.50 29789.39	|	    38.94    35.96    23.15	|	  8965.03 20945.32 25557.47	|	    37.55    46.79    44.80	|
   879.90	|	 10928.18 18078.46 25209.74	|	     6.13    17.13    28.59	|	 10719.57 17872.74 30006.19	|	    39.10    36.27    20.18	|	  9352.87 21391.57 26001.65	|	    39.91    42.46    44.02	|
   889.90	|	 10988.59 18251.82 25497.64	|	     5.96    17.54    28.99	|	 11110.62 18236.60 30192.56	|	    39.07    36.49    17.07	|	  9761.18 21794.66 26437.46	|	    41.66    38.17    43.13	|
   899.90	|	 11047.64 18429.27 25789.65	|	     5.86    17.95    29.41	|	 11500.26 18602.10 30347.07	|	    38.82    36.60    13.81	|	 10184.31 22155.31 26864.07	|	    42.88    33.98    42.18	|
   909.90	|	 11106.09 18610.80 26085.95	|	     5.84    18.36    29.85	|	 11886.10 18968.12 30468.31	|	    38.30    36.59    10.42	|	 10617.31 22474.62 27280.97	|	    43.65    29.90    41.19	|
   919.90	|	 11164.63 18796.41 26386.72	|	     5.88    18.77    30.30	|	 12265.33 19333.43 30554.95	|	    37.49    36.45     6.89	|	 11055.89 22753.84 27687.88	|	    44.01    25.96    40.19	|
   929.90	|	 11223.97 18986.12 26692.08	|	     6.00    19.18    30.77	|	 12634.77 19696.67 30605.78	|	    36.33    36.17     3.26	|	 11496.32 22994.28 28084.75	|	    44.02    22.15    39.19	|
   939.90	|	 11284.79 19179.94 27002.12	|	     6.18    19.59    31.24	|	 12990.69 20056.35 30619.81	|	    34.78    35.74    -0.46	|	 11935.38 23197.18 28471.64	|	    43.74    18.45    38.20	|
   949.90	|	 11347.81 19377.92 27316.88	|	     6.44    20.01    31.71	|	 13328.85 20410.91 30596.43	|	    32.77    35.15    -4.22	|	 12370.25 23363.59 28848.76	|	    43.19    14.84    37.23	|
   959.90	|	 11413.75 19580.16 27636.35	|	     6.77    20.44    32.18	|	 13644.42 20758.81 30535.55	|	    30.25    34.41    -7.95	|	 12798.51 23494.20 29216.38	|	    42.42    11.28    36.30	|
   969.90	|	 11483.37 19786.76 27960.43	|	     7.17    20.88    32.63	|	 13931.94 21098.73 30437.91	|	    27.16    33.56   -11.55	|	 13218.06 23589.14 29574.76	|	    41.46     7.69    35.38	|
   979.90	|	 11557.44 19997.89 28288.90	|	     7.66    21.34    33.06	|	 14185.45 21429.93 30305.58	|	    23.44    32.69   -14.85	|	 13627.09 23647.62 29923.93	|	    40.32     3.97    34.44	|
   989.90	|	 11636.76 20213.73 28621.41	|	     8.22    21.82    33.44	|	 14398.75 21752.81 30142.92	|	    19.12    31.92   -17.55	|	 14023.97 23667.45 30263.01	|	    39.02    -0.06    33.32	|
   999.90	|	 11722.08 20434.45 28957.47	|	     8.86    22.32    33.76	|	 14566.28 22068.98 29958.35	|	    14.33    31.33   -19.13	|	 14406.68 23645.13 30588.68	|	    37.46    -4.45    31.69	|
  1009.90	|	 11814.07 20660.24 29296.36	|	     9.55    22.84    34.01	|	 14685.00 22378.75 29765.94	|	     9.43    30.52   -19.08	|	 14771.54 23578.65 30893.77	|	    35.41    -8.76    29.19	|
  1019.90	|	 11913.25 20891.21 29637.28	|	    10.29    23.36    34.16	|	 14755.47 22676.25 29581.54	|	     4.71    28.80   -17.64	|	 15112.81 23472.76 31170.70	|	    32.75   -12.23    26.18	|
  1029.90	|	 12019.97 21127.36 29979.31	|	    11.06    23.87    34.23	|	 14779.79 22951.57 29415.45	|	     0.19    26.15   -15.50	|	 15425.01 23337.31 31418.18	|	    29.63   -14.72    23.39	|
  1039.90	|	 12134.40 21368.56 30321.55	|	    11.83    24.37    34.21	|	 14759.84 23197.71 29272.93	|	    -4.14    23.04   -12.93	|	 15704.46 23180.51 31639.98	|	    26.21   -16.56    21.05	|
  1049.90	|	 12256.59 21614.56 30663.14	|	    12.61    24.83    34.10	|	 14697.91 23412.03 29158.29	|	    -8.19    19.82    -9.92	|	 15948.31 23007.53 31840.39	|	    22.51   -17.97    19.09	|
  1059.90	|	 12386.51 21864.98 31003.27	|	    13.38    25.25    33.91	|	 14597.18 23594.49 29076.25	|	   -11.88    16.69    -6.41	|	 16153.77 22822.25 32022.77	|	    18.53   -19.02    17.43	|
  1069.90	|	 12524.04 22119.30 31341.19	|	    14.13    25.61    33.66	|	 14461.72 23746.47 29031.65	|	   -15.13    13.74    -2.43	|	 16317.93 22628.45 32189.71	|	    14.25   -19.67    16.00	|
  1079.90	|	 12668.98 22376.88 31676.23	|	    14.86    25.90    33.34	|	 14296.34 23870.13 29029.06	|	   -17.86    11.04     1.98	|	 16437.94 22430.40 32343.49	|	     9.71   -19.86    14.79	|
  1089.90	|	 12821.05 22636.93 32007.75	|	    15.55    26.10    32.96	|	 14106.40 23968.19 29072.48	|	   -20.03     8.63     6.76	|	 16511.26 22233.06 32486.35	|	     4.93   -19.51    13.82	|
  1099.90	|	 12979.86 22898.60 32335.20	|	    16.20    26.21    32.52	|	 13897.66 24043.72 29165.18	|	   -21.61     6.54    11.82	|	 16536.00 22042.14 32620.66	|	     0.00   -18.56    13.09	|
  1109.90	|	 13144.89 23160.89 32658.08	|	    16.80    26.23    32.04	|	 13676.16 24100.09 29309.53	|	   -22.59     4.80    17.07	|	 16511.21 21864.03 32749.01	|	    -4.96   -16.95    12.63	|
  1119.90	|	 13315.52 23422.78 32975.97	|	    17.32    26.13    31.53	|	 13448.01 24140.84 29506.99	|	   -22.94     3.41    22.42	|	 16437.22 21705.51 32874.20	|	    -9.81   -14.64    12.46	|
  1129.90	|	 13490.93 23683.21 33288.52	|	    17.75    25.94    30.98	|	 13219.34 24169.59 29758.03	|	   -22.69     2.40    27.78	|	 16315.87 21573.46 32999.20	|	   -14.40   -11.66    12.59	|
  1139.90	|	 13670.19 23941.19 33595.49	|	    18.08    25.64    30.41	|	 12996.10 24189.95 30062.19	|	   -21.86     1.73    33.03	|	 16150.56 21474.37 33126.96	|	   -18.58    -8.06    13.01	|
  1149.90	|	 13852.26 24195.79 33896.73	|	    18.31    25.26    29.84	|	 12783.94 24205.42 30418.09	|	   -20.48     1.41    38.11	|	 15946.16 21413.93 33260.31	|	   -22.20    -3.95    13.70	|
  1159.90	|	 14035.99 24446.23 34192.21	|	    18.42    24.81    29.26	|	 12588.15 24219.30 30823.60	|	   -18.60     1.41    42.94	|	 15708.67 21396.65 33401.74	|	   -25.18     0.55    14.62	|
  1169.90	|	 14220.25 24691.90 34482.00	|	    18.41    24.31    28.70	|	 12413.55 24234.63 31275.88	|	   -16.25     1.70    47.46	|	 15444.84 21425.68 33553.30	|	   -27.47     5.29    15.72	|
  1179.90	|	 14403.89 24932.36 34766.29	|	    18.30    23.77    28.16	|	 12264.50 24254.11 31771.56	|	   -13.49     2.24    51.61	|	 15161.67 21502.74 33716.54	|	   -29.05    10.13    16.95	|
  1189.90	|	 14585.84 25167.32 35045.36	|	    18.08    23.22    27.66	|	 12144.89 24280.11 32306.86	|	   -10.37     2.99    55.38	|	 14865.96 21628.30 33892.47	|	   -29.98    14.97    18.25	|
  1199.90	|	 14765.14 25396.66 35319.55	|	    17.77    22.65    27.19	|	 12058.17 24314.54 32877.67	|	    -6.92     3.92    58.71	|	 14563.98 21801.78 34081.65	|	   -30.32    19.71    19.59	|
  1209.90	|	 14940.93 25620.35 35589.29	|	    17.38    22.09    26.77	|	 12007.50 24358.88 33479.64	|	    -3.17     4.96    61.60	|	 14261.16 22021.92 34284.24	|	   -30.17    24.29    20.93	|
  1219.90	|	 15112.48 25838.46 35855.04	|	    16.92    21.54    26.39	|	 11995.79 24414.02 34108.14	|	     0.87     6.07    64.01	|	 13961.94 22287.14 34500.23	|	   -29.62    28.72    22.27	|
  1229.90	|	 15279.16 26051.13 36117.29	|	    16.41    21.00    26.07	|	 12025.92 24480.12 34758.10	|	     5.20     7.14    65.88	|	 13669.64 22595.95 34729.64	|	   -28.81    33.02    23.63	|
  1239.90	|	 15440.47 26258.52 36376.59	|	    15.85    20.48    25.80	|	 12100.84 24556.32 35423.56	|	     9.83     8.07    67.08	|	 13386.33 22947.46 34973.18	|	   -27.84    37.28    25.12	|
  1249.90	|	 15596.01 26460.84 36633.46	|	    15.26    19.99    25.59	|	 12223.33 24640.70 36096.48	|	    14.69     8.77    67.31	|	 13113.19 23341.59 35233.40	|	   -26.76    41.55    27.02	|
  1259.90	|	 15745.49 26658.31 36888.47	|	    14.64    19.51    25.43	|	 12394.48 24731.45 36765.43	|	    19.48     9.41    66.24	|	 12852.08 23778.00 35516.17	|	   -25.37    45.67    29.67	|
  1269.90	|	 15888.71 26851.16 37142.20	|	    14.00    19.06    25.33	|	 12610.87 24830.51 37417.41	|	    23.67    10.54    64.03	|	 12608.46 24252.49 35828.89	|	   -23.21    49.06    32.90	|
  1279.90	|	 16025.53 27039.61 37395.20	|	    13.36    18.63    25.28	|	 12865.52 24944.98 38045.01	|	    27.17    12.48    61.50	|	 12390.52 24755.62 36173.31	|	   -20.29    51.40    35.88	|
  1289.90	|	 16155.94 27223.88 37648.03	|	    12.72    18.23    25.29	|	 13153.21 25081.96 38647.96	|	    30.33    14.98    59.11	|	 12203.87 25277.95 36543.99	|	   -17.02    52.96    38.14	|
  1299.90	|	 16279.94 27404.21 37901.28	|	    12.08    17.84    25.36	|	 13471.82 25245.41 39227.49	|	    33.38    17.74    56.78	|	 12050.37 25813.27 36934.02	|	   -13.69    54.04    39.78	|
  1309.90	|	 16397.63 27580.80 38155.50	|	    11.46    17.48    25.49	|	 13820.55 25437.23 39783.19	|	    36.36    20.64    54.32	|	 11929.96 26357.61 37338.04	|	   -10.41    54.78    40.96	|
  1319.90	|	 16509.14 27753.84 38411.29	|	    10.85    17.13    25.68	|	 14198.73 25658.49 40312.89	|	    39.26    23.63    51.56	|	 11841.97 26907.98 37752.25	|	    -7.21    55.25    41.83	|
  1329.90	|	 16614.65 27923.49 38669.28	|	    10.26    16.80    25.93	|	 14605.38 25910.07 40813.08	|	    42.04    26.70    48.39	|	 11785.46 27461.86 38173.89	|	    -4.11    55.49    42.46	|
  1339.90	|	 16714.42 28089.90 38930.16	|	     9.70    16.48    26.26	|	 15039.03 26192.81 41279.05	|	    44.65    29.86    44.70	|	 11759.34 28016.96 38600.86	|	    -1.13    55.50    42.90	|
  1349.90	|	 16808.79 28253.19 39194.66	|	     9.18    16.18    26.66	|	 15497.50 26507.50 41705.02	|	    46.99    33.09    40.37	|	 11762.44 28571.24 39031.46	|	     1.73    55.32    43.19	|
  1359.90	|	 16898.19 28413.47 39463.63	|	     8.71    15.88    27.15	|	 15977.65 26854.85 42083.98	|	    48.96    36.38    35.28	|	 11793.51 29122.80 39464.31	|	     4.46    54.96    43.36	|
  1369.90	|	 16983.21 28570.89 39738.02	|	     8.31    15.60    27.74	|	 16474.88 27235.25 42407.60	|	    50.37    39.69    29.28	|	 11851.20 29669.97 39898.26	|	     7.05    54.45    43.42	|
  1379.90	|	 17064.66 28725.60 40018.91	|	     8.00    15.34    28.45	|	 16982.47 27648.44 42666.11	|	    50.98    42.92    22.23	|	 11934.12 30211.25 40332.34	|	     9.51    53.79    43.39	|
  1389.90	|	 17143.67 28877.90 40307.49	|	     7.83    15.12    29.29	|	 17490.54 28092.88 42848.32	|	    50.40    45.91    14.01	|	 12040.86 30745.32 40765.73	|	    11.82    53.01    43.28	|
  1399.90	|	 17221.82 29028.26 40605.04	|	     7.84    14.96    30.25	|	 17984.73 28564.78 42942.21	|	    48.10    48.35     4.58	|	 12169.97 31271.05 41197.78	|	    13.98    52.12    43.12	|
  1409.90	|	 17301.32 29177.56 40912.76	|	     8.11    14.92    31.31	|	 18444.49 29056.48 42936.56	|	    43.39    49.77    -5.83	|	 12320.03 31787.46 41627.91	|	    16.01    51.15    42.90	|
  1419.90	|	 17385.09 29327.23 41231.37	|	     8.71    15.05    32.41	|	 18842.00 29554.45 42824.54	|	    35.54    49.47   -16.52	|	 12489.62 32293.75 42055.71	|	    17.89    50.10    42.65	|
  1429.90	|	 17476.68 29479.44 41560.51	|	     9.67    15.44    33.38	|	 19143.36 30037.48 42610.17	|	    24.15    46.66   -25.99	|	 12677.35 32789.28 42480.82	|	    19.64    49.00    42.37	|
  1439.90	|	 17579.57 29637.08 41897.93	|	    10.94    16.14    34.02	|	 19315.21 30477.57 42316.16	|	     9.86    40.86   -32.06	|	 12881.90 33273.54 42902.96	|	    21.25    47.85    42.06	|
  1449.90	|	 17695.89 29803.02 42239.20	|	    12.31    17.09    34.13	|	 19337.60 30846.13 41987.04	|	    -5.29    32.53   -32.78	|	 13102.02 33746.19 43321.93	|	    22.75    46.67    41.73	|
  1459.90	|	 17825.20 29979.16 42578.62	|	    13.50    18.14    33.67	|	 19215.94 31124.58 41679.65	|	   -18.51    23.14   -27.83	|	 13336.52 34206.97 43737.52	|	    24.13    45.48    41.39	|
  1469.90	|	 17964.59 30165.68 42911.20	|	    14.31    19.14    32.80	|	 18980.35 31311.24 41444.08	|	   -27.89    14.42   -18.79	|	 13584.33 34655.72 44149.57	|	    25.41    44.27    41.02	|
  1479.90	|	 18110.02 30361.31 43234.01	|	    14.71    19.96    31.75	|	 18672.15 31418.81 41309.83	|	   -33.10     7.42    -7.93	|	 13844.41 35092.33 44557.91	|	    26.59    43.05    40.64	|
  1489.90	|	 18257.73 30564.15 43546.23	|	    14.78    20.58    30.70	|	 18329.82 31466.34 41285.42	|	   -34.88     2.40     2.95	|	 14115.81 35516.73 44962.38	|	    27.68    41.83    40.25	|
  1499.90	|	 18404.91 30772.33 43848.38	|	    14.62    21.03    29.75	|	 17982.45 31472.62 41365.79	|	   -34.27    -0.88    12.92	|	 14397.64 35928.86 45362.83	|	    28.68    40.60    39.84	|
  1509.90	|	 18549.68 30984.31 44141.60	|	    14.32    21.34    28.92	|	 17649.54 31453.21 41539.67	|	   -32.11    -2.80    21.63	|	 14689.05 36328.71 45759.14	|	    29.59    39.37    39.42	|
  1519.90	|	 18690.92 31198.88 44427.19	|	    13.92    21.56    28.22	|	 17343.26 31420.04 41794.18	|	   -29.03    -3.69    29.06	|	 14989.24 36716.25 46151.21	|	    30.43    38.14    38.99	|
  1529.90	|	 18827.99 31415.18 44706.39	|	    13.48    21.69    27.64	|	 17070.80 31381.90 42116.96	|	   -25.40    -3.83    35.31	|	 15297.49 37091.48 46538.96	|	    31.20    36.91    38.56	|
  1539.90	|	 18960.54 31632.56 44980.31	|	    13.02    21.77    27.16	|	 16836.20 31345.26 42497.00	|	   -21.49    -3.42    40.54	|	 15613.09 37454.41 46922.32	|	    31.91    35.68    38.11	|
  1549.90	|	 19088.43 31850.54 45249.90	|	    12.56    21.82    26.77	|	 16641.50 31314.85 42924.80	|	   -17.44    -2.60    44.88	|	 15935.42 37805.06 47301.23	|	    32.55    34.45    37.67	|
  1559.90	|	 19211.65 32068.77 45515.99	|	    12.09    21.83    26.46	|	 16487.60 31294.21 43392.18	|	   -13.34    -1.48    48.48	|	 16263.86 38143.46 47675.61	|	    33.13    33.23    37.21	|
  1569.90	|	 19330.22 32286.99 45779.27	|	    11.63    21.81    26.21	|	 16374.65 31286.04 43892.16	|	    -9.25    -0.12    51.42	|	 16597.85 38469.61 48045.41	|	    33.66    32.00    36.75	|
  1579.90	|	 19444.22 32504.96 46040.38	|	    11.18    21.78    26.02	|	 16302.42 31292.44 44418.66	|	    -5.20     1.43    53.79	|	 16936.85 38783.54 48410.55	|	    34.13    30.78    36.28	|
  1589.90	|	 19553.76 32722.54 46299.83	|	    10.73    21.73    25.88	|	 16270.43 31315.13 44966.36	|	    -1.21     3.13    55.67	|	 17280.33 39085.28 48770.95	|	    34.55    29.56    35.80	|
  1599.90	|	 19658.94 32939.56 46558.11	|	    10.30    21.67    25.78	|	 16278.09 31355.54 45530.54	|	     2.73     4.97    57.10	|	 17627.77 39374.83 49126.54	|	    34.93    28.35    35.32	|
  1609.90	|	 19759.88 33155.90 46815.67	|	     9.89    21.60    25.73	|	 16324.76 31414.90 46106.89	|	     6.60     6.92    58.11	|	 17978.68 39652.21 49477.24	|	    35.25    27.13    34.82	|
  1619.90	|	 19856.69 33371.45 47072.90	|	     9.48    21.51    25.72	|	 16409.79 31494.36 46691.43	|	    10.40     8.99    58.74	|	 18332.58 39917.46 49822.96	|	    35.52    25.92    34.32	|
  1629.90	|	 19949.49 33586.10 47330.19	|	     9.08    21.42    25.74	|	 16532.51 31594.97 47280.39	|	    14.14    11.15    58.99	|	 18688.96 40170.58 50163.62	|	    35.75    24.71    33.81	|
  1639.90	|	 20038.39 33799.75 47587.91	|	     8.70    21.31    25.81	|	 16692.28 31717.76 47870.12	|	    17.81    13.42    58.89	|	 19047.34 40411.59 50499.14	|	    35.92    23.50    33.29	|
  1649.90	|	 20123.49 34012.28 47846.43	|	     8.32    21.19    25.91	|	 16888.46 31863.79 48456.98	|	    21.42    15.80    58.42	|	 19407.23 40640.54 50829.44	|	    36.05    22.29    32.77	|
  1659.90	|	 20204.92 34223.59 48106.14	|	     7.96    21.07    26.04	|	 17120.38 32034.12 49037.30	|	    24.96    18.28    57.58	|	 19768.15 40857.44 51154.44	|	    36.13    21.09    32.23	|
  1669.90	|	 20282.80 34433.55 48367.41	|	     7.61    20.93    26.22	|	 17387.33 32229.86 49607.23	|	    28.42    20.88    56.34	|	 20129.60 41062.33 51474.08	|	    36.16    19.89    31.69	|
  1679.90	|	 20357.25 34642.06 48630.67	|	     7.28    20.77    26.44	|	 17688.50 32452.20 50162.70	|	    31.80    23.60    54.68	|	 20491.10 41255.26 51788.29	|	    36.14    18.70    31.15	|
  1689.90	|	 20428.42 34848.97 48896.36	|	     6.96    20.61    26.71	|	 18022.94 32702.36 50699.26	|	    35.07    26.45    52.55	|	 20852.14 41436.28 52097.02	|	    36.06    17.51    30.60	|
  1699.90	|	 20496.48 35054.16 49164.98	|	     6.66    20.43    27.03	|	 18389.43 32981.67 51212.00	|	    38.20    29.43    49.90	|	 21212.23 41605.44 52400.22	|	    35.94    16.33    30.04	|
  1709.90	|	 20561.63 35257.48 49437.08	|	     6.38    20.23    27.41	|	 18786.37 33291.48 51695.36	|	    41.15    32.55    46.66	|	 21570.86 41762.82 52697.87	|	    35.77    15.15    29.49	|
  1719.90	|	 20624.16 35458.77 49713.31	|	     6.13    20.02    27.85	|	 19211.56 33633.14 52142.99	|	    43.84    35.80    42.74	|	 21927.54 41908.46 52989.94	|	    35.55    13.98    28.93	|
  1729.90	|	 20684.40 35657.92 49994.40	|	     5.93    19.80    28.38	|	 19661.95 34007.95 52547.51	|	    46.17    39.18    38.02	|	 22281.76 42042.46 53276.42	|	    35.28    12.82    28.37	|
  1739.90	|	 20742.86 35854.80 50281.22	|	     5.78    19.57    29.00	|	 20133.13 34416.93 52900.36	|	    47.96    42.63    32.38	|	 22633.02 42164.87 53557.32	|	    34.96    11.66    27.81	|
  1749.90	|	 20800.22 36049.36 50574.75	|	     5.71    19.34    29.73	|	 20618.70 34860.55 53191.54	|	    49.00    46.09    25.67	|	 22980.81 42275.76 53832.65	|	    34.59    10.52    27.26	|
  1759.90	|	 20857.46 36241.65 50876.15	|	     5.76    19.12    30.57	|	 21109.30 35338.21 53409.64	|	    48.90    49.40    17.74	|	 23324.61 42375.19 54102.44	|	    34.16     9.37    26.70	|
  1769.90	|	 20916.02 36431.94 51186.66	|	     5.98    18.94    31.55	|	 21591.24 35847.23 53542.17	|	    47.16    52.30     8.55	|	 23663.91 42463.19 54366.70	|	    33.69     8.23    26.15	|
  1779.90	|	 20977.91 36620.83 51507.51	|	     6.44    18.85    32.64	|	 22044.80 36381.40 53576.89	|	    43.09    54.34    -1.76	|	 23998.20 42539.76 54625.46	|	    33.16     7.09    25.60	|
  1789.90	|	 21045.92 36809.53 51839.60	|	     7.22    18.92    33.78	|	 22442.74 36928.74 53505.05	|	    35.91    54.80   -12.60	|	 24326.92 42604.88 54878.70	|	    32.58     5.94    25.05	|
  1799.90	|	 21123.54 37000.05 52182.83	|	     8.37    19.23    34.84	|	 22750.85 37469.20 53327.56	|	    25.09    52.81   -22.59	|	 24649.52 42658.52 55126.38	|	    31.93     4.79    24.49	|
  1809.90	|	 21214.39 37195.22 52535.33	|	     9.85    19.86    35.59	|	 22933.69 37974.45 53063.40	|	    11.05    47.69   -29.53	|	 24965.40 42700.65 55368.37	|	    31.23     3.64    23.91	|
  1819.90	|	 21320.93 37398.19 52892.87	|	    11.46    20.78    35.82	|	 22967.50 38413.18 52754.72	|	    -4.26    39.65   -31.21	|	 25273.92 42731.36 55604.52	|	    30.46     2.51    23.32	|
  1829.90	|	 21443.03 37611.24 53249.70	|	    12.91    21.84    35.45	|	 22854.12 38762.24 52459.13	|	   -17.91    30.07   -26.99	|	 25574.45 42750.84 55834.73	|	    29.63     1.40    22.72	|
  1839.90	|	 21577.84 37834.93 53600.46	|	    13.98    22.87    34.64	|	 22622.42 39015.85 52229.97	|	   -27.70    20.84   -18.30	|	 25866.34 42759.37 56058.99	|	    28.73     0.31    22.13	|
  1849.90	|	 21721.19 38068.17 53941.87	|	    14.62    23.74    33.62	|	 22314.79 39184.60 52100.10	|	   -33.15    13.23    -7.51	|	 26148.93 42757.21 56277.39	|	    27.77    -0.74    21.55	|
  1859.90	|	 21869.11 38309.05 54272.87	|	    14.91    24.40    32.58	|	 21971.53 39287.21 52080.14	|	   -35.00     7.62     3.44	|	 26421.51 42744.56 56490.03	|	    26.73    -1.78    20.98	|
  1869.90	|	 22018.62 38555.64 54593.86	|	    14.96    24.89    31.63	|	 21623.24 39343.03 52165.92	|	   -34.32     3.82    13.52	|	 26683.32 42721.59 56697.01	|	    25.62    -2.81    20.42	|
  1879.90	|	 22167.74 38806.27 54905.95	|	    14.85    25.22    30.81	|	 21290.38 39368.46 52346.35	|	   -32.04     1.48    22.34	|	 26933.52 42688.43 56898.41	|	    24.41    -3.82    19.86	|
  1889.90	|	 22315.33 39059.67 55210.44	|	    14.66    25.44    30.11	|	 20985.58 39376.22 52608.42	|	   -28.80     0.23    29.86	|	 27171.20 42645.23 57094.29	|	    23.11    -4.81    19.31	|
  1899.90	|	 22460.74 39314.86 55508.57	|	    14.42    25.58    29.53	|	 20716.21 39375.79 52939.58	|	   -25.01    -0.20    36.18	|	 27395.34 42592.21 57284.67	|	    21.70    -5.79    18.76	|
  1909.90	|	 22603.67 39571.13 55801.48	|	    14.17    25.66    29.06	|	 20486.27 39374.16 53328.59	|	   -20.95    -0.04    41.46	|	 27604.86 42529.61 57469.58	|	    20.18    -6.73    18.22	|
  1919.90	|	 22744.06 39827.92 56090.12	|	    13.91    25.69    28.68	|	 20297.70 39376.50 53765.73	|	   -16.76     0.57    45.83	|	 27798.59 42457.78 57649.06	|	    18.54    -7.63    17.68	|
  1929.90	|	 22881.97 40084.81 56375.32	|	    13.67    25.68    28.37	|	 20151.16 39386.67 54242.66	|	   -12.55     1.51    49.44	|	 27975.27 42377.17 57823.13	|	    16.77    -8.48    17.14	|
  1939.90	|	 23017.52 40341.45 56657.79	|	    13.44    25.64    28.13	|	 20046.59 39407.59 54752.23	|	    -8.37     2.71    52.38	|	 28133.58 42288.35 57991.85	|	    14.87    -9.27    16.61	|
  1949.90	|	 23150.92 40597.53 56938.14	|	    13.24    25.57    27.95	|	 19983.48 39441.52 55288.29	|	    -4.26     4.11    54.75	|	 28272.11 42192.03 58155.33	|	    12.82    -9.98    16.09	|
  1959.90	|	 23282.38 40852.80 57216.90	|	    13.06    25.48    27.81	|	 19961.07 39490.25 55845.47	|	    -0.23     5.66    56.61	|	 28389.39 42089.09 58313.67	|	    10.62   -10.59    15.58	|
  1969.90	|	 23412.14 41107.00 57494.50	|	    12.90    25.36    27.72	|	 19978.47 39555.20 56419.04	|	     3.70     7.35    58.03	|	 28483.92 41980.61 58467.08	|	     8.26   -11.08    15.10	|
  1979.90	|	 23540.46 41359.89 57771.36	|	    12.77    25.21    27.66	|	 20034.75 39637.57 57004.74	|	     7.54     9.14    59.05	|	 28554.15 41867.87 58615.78	|	     5.76   -11.44    14.65	|
  1989.90	|	 23667.58 41611.21 58047.82	|	    12.66    25.04    27.64	|	 20128.94 39738.37 57598.72	|	    11.28    11.03    59.69	|	 28598.52 41752.40 58760.12	|	     3.09   -11.63    14.23	|
  1999.90	|	 23793.74 41860.70 58324.20	|	    12.58    24.85    27.64	|	 20260.10 39858.47 58197.40	|	    14.93    13.00    59.99	|	 28615.49 41635.99 58900.50	|	     0.28   -11.62    13.86	|
  2009.90	|	 23919.19 42108.06 58600.79	|	    12.52    24.62    27.68	|	 20427.32 39998.68 58797.42	|	    18.49    15.05    59.96	|	 28603.60 41520.72 59037.47	|	    -2.68   -11.39    13.55	|
  2019.90	|	 24044.16 42352.99 58877.83	|	    12.48    24.36    27.74	|	 20629.71 40159.72 59395.53	|	    21.97    17.17    59.61	|	 28561.44 41408.96 59171.68	|	    -5.77   -10.91    13.31	|
  2029.90	|	 24168.85 42595.14 59155.58	|	    12.46    24.06    27.82	|	 20866.42 40342.30 59988.55	|	    25.36    19.36    58.94	|	 28487.81 41303.43 59303.94	|	    -8.97   -10.14    13.16	|
  2039.90	|	 24293.43 42834.15 59434.24	|	    12.46    23.73    27.92	|	 21136.61 40547.10 60573.27	|	    28.67    21.61    57.95	|	 28381.69 41207.17 59435.23	|	   -12.26    -9.05    13.12	|
  2049.90	|	 24418.08 43069.59 59714.03	|	    12.47    23.35    28.04	|	 21439.47 40774.79 61146.43	|	    31.89    23.94    56.62	|	 28242.37 41123.56 59566.71	|	   -15.61    -7.61    13.20	|
  2059.90	|	 24542.89 43301.05 59995.17	|	    12.49    22.93    28.19	|	 21774.17 41026.05 61704.57	|	    35.03    26.33    54.94	|	 28069.51 41056.31 59699.74	|	   -18.96    -5.78    13.43	|
  2069.90	|	 24667.94 43528.05 60277.85	|	    12.52    22.46    28.35	|	 22139.84 41301.57 62243.96	|	    38.08    28.79    52.87	|	 27863.26 41009.41 59835.92	|	   -22.27    -3.53    13.83	|
  2079.90	|	 24793.26 43750.09 60562.32	|	    12.54    21.94    28.54	|	 22535.51 41602.04 62760.51	|	    41.03    31.32    50.36	|	 27624.36 40987.12 59977.08	|	   -25.48    -0.85    14.43	|
  2089.90	|	 24918.81 43966.66 60848.81	|	    12.56    21.37    28.76	|	 22960.02 41928.13 63249.61	|	    43.85    33.91    47.37	|	 27354.27 40993.87 60125.28	|	   -28.50     2.28    15.25	|
  2099.90	|	 25044.50 44177.26 61137.64	|	    12.57    20.74    29.01	|	 23411.89 42280.48 63705.94	|	    46.49    36.57    43.80	|	 27055.27 41034.17 60282.84	|	   -31.24     5.86    16.30	|
  2109.90	|	 25170.22 44381.37 61429.17	|	    12.57    20.07    29.30	|	 23889.07 42659.64 64123.34	|	    48.90    39.27    39.56	|	 26730.64 41112.46 60452.23	|	   -33.61     9.87    17.62	|
  2119.90	|	 25295.82 44578.55 61723.88	|	    12.55    19.36    29.65	|	 24388.66 43065.98 64494.54	|	    50.95    42.00    34.54	|	 26384.74 41232.92 60636.05	|	   -35.48    14.28    19.19	|
  2129.90	|	 25421.17 44768.43 62022.36	|	    12.52    18.61    30.06	|	 24906.42 43499.55 64810.98	|	    52.50    44.71    28.58	|	 26023.10 41399.20 60836.83	|	   -36.74    19.02    21.01	|
  2139.90	|	 25546.23 44950.77 62325.39	|	    12.49    17.85    30.56	|	 25436.13 43959.82 65062.57	|	    53.29    47.32    21.54	|	 25652.30 41614.14 61056.88	|	   -37.29    23.99    23.04	|
  2149.90	|	 25671.18 45125.57 62633.97	|	    12.50    17.11    31.17	|	 25968.56 44445.03 65237.53	|	    52.97    49.66    13.23	|	 25279.85 41879.45 61298.15	|	   -37.06    29.07    25.24	|
  2159.90	|	 25796.58 45293.22 62949.30	|	    12.60    16.43    31.91	|	 26490.00 44951.12 65322.52	|	    50.98    51.42     3.54	|	 24913.75 42195.42 61562.06	|	   -36.02    34.10    27.56	|
  2169.90	|	 25923.67 45454.67 63272.65	|	    12.86    15.89    32.77	|	 26980.08 45469.68 65303.95	|	    46.55    52.03    -7.43	|	 24562.17 42560.76 61849.48	|	   -34.17    38.92    29.93	|
  2179.90	|	 26054.59 45611.80 63605.00	|	    13.38    15.59    33.69	|	 27409.55 45985.05 65171.88	|	    38.71    50.61   -18.97	|	 24232.92 42972.48 62160.71	|	   -31.57    43.35    32.31	|
  2189.90	|	 26192.46 45767.63 63946.16	|	    14.25    15.65    34.50	|	 27740.70 46471.55 64928.60	|	    26.86    46.10   -29.26	|	 23932.93 43425.94 62495.38	|	   -28.34    47.24    34.61	|
  2199.90	|	 26340.50 45926.19 64293.61	|	    15.39    16.13    34.90	|	 27935.75 46895.00 64600.54	|	    11.79    38.02   -35.41	|	 23667.73 43915.17 62852.40	|	   -24.64    50.49    36.77	|
  2209.90	|	 26500.32 46091.36 64642.00	|	    16.55    16.94    34.67	|	 27975.09 47223.49 64242.53	|	    -3.69    27.43   -35.03	|	 23441.05 44433.40 63229.98	|	   -20.67    53.04    38.71	|
  2219.90	|	 26670.40 46265.21 64984.91	|	    17.40    17.83    33.83	|	 27871.88 47443.14 63921.08	|	   -16.26    16.67   -28.40	|	 23254.72 44973.76 63625.76	|	   -16.60    54.92    40.40	|
  2229.90	|	 26846.80 46447.45 65317.55	|	    17.80    18.59    32.66	|	 27665.16 47563.07 63686.72	|	   -24.32     7.71   -18.11	|	 23109.00 45529.91 64036.99	|	   -12.56    56.21    41.80	|
  2239.90	|	 27025.15 46636.37 65637.96	|	    17.81    19.16    31.42	|	 27399.22 47605.76 63561.93	|	   -28.27     1.24    -6.85	|	 23003.07 46096.39 64460.85	|	    -8.65    57.01    42.92	|
  2249.90	|	 27202.05 46830.02 65946.34	|	    17.54    19.54    30.27	|	 27109.47 47595.30 63547.63	|	   -29.28    -2.99     3.82	|	 22935.48 46668.66 64894.56	|	    -4.90    57.38    43.78	|
  2259.90	|	 27375.29 47026.76 66243.91	|	    17.09    19.79    29.27	|	 26819.70 47551.71 63634.26	|	   -28.43    -5.48    13.29	|	 22904.47 47242.93 65335.55	|	    -1.34    57.41    44.38	|
  2269.90	|	 27543.63 47225.43 66532.17	|	    16.56    19.93    28.41	|	 26544.54 47490.03 63809.05	|	   -26.46    -6.68    21.46	|	 22908.11 47815.97 65781.47	|	     2.03    57.15    44.77	|
  2279.90	|	 27706.38 47425.21 66812.60	|	    15.98    20.01    27.70	|	 26292.70 47421.22 64059.42	|	   -23.83    -6.95    28.43	|	 22944.32 48385.01 66230.31	|	     5.18    56.62    44.97	|
  2289.90	|	 27863.25 47625.53 67086.48	|	    15.39    20.05    27.10	|	 26069.32 47353.23 64374.03	|	   -20.80    -6.55    34.33	|	 23010.88 48947.68 66680.39	|	     8.10    55.88    45.03	|
  2299.90	|	 28014.18 47826.03 67354.93	|	    14.80    20.05    26.61	|	 25877.45 47291.81 64743.05	|	   -17.54    -5.66    39.33	|	 23105.51 49502.03 67130.45	|	    10.79    54.96    44.97	|
  2309.90	|	 28159.20 48026.45 67618.88	|	    14.21    20.03    26.20	|	 25718.94 47241.12 65157.94	|	   -14.14    -4.43    43.53	|	 23225.93 50046.53 67579.56	|	    13.26    53.92    44.84	|
  2319.90	|	 28298.42 48226.58 67879.15	|	    13.64    20.00    25.87	|	 25594.84 47204.15 65611.35	|	   -10.67    -2.93    47.05	|	 23369.95 50580.05 68027.04	|	    15.51    52.77    44.65	|
  2329.90	|	 28432.00 48426.31 68136.42	|	    13.08    19.95    25.60	|	 25505.70 47183.04 66096.91	|	    -7.16    -1.26    49.97	|	 23535.57 51101.81 68472.37	|	    17.58    51.57    44.41	|
  2339.90	|	 28560.08 48625.53 68391.29	|	    12.54    19.89    25.38	|	 25451.75 47179.42 66609.07	|	    -3.63     0.55    52.38	|	 23720.97 51611.24 68915.14	|	    19.47    50.31    44.14	|
  2349.90	|	 28682.84 48824.14 68644.27	|	    12.01    19.83    25.22	|	 25432.99 47194.51 67142.94	|	    -0.12     2.48    54.32	|	 23924.50 52107.99 69354.99	|	    21.21    49.03    43.83	|
  2359.90	|	 28800.42 49022.07 68895.84	|	    11.51    19.76    25.10	|	 25449.33 47229.35 67694.15	|	     3.38     4.50    55.85	|	 24144.68 52591.78 69791.59	|	    22.80    47.73    43.49	|
  2369.90	|	 28912.99 49219.26 69146.43	|	    11.01    19.68    25.02	|	 25500.57 47284.81 68258.72	|	     6.86     6.61    57.00	|	 24380.15 53062.45 70224.65	|	    24.27    46.41    43.12	|
  2379.90	|	 29020.69 49415.63 69396.43	|	    10.53    19.59    24.98	|	 25586.53 47361.75 68832.96	|	    10.32     8.79    57.79	|	 24629.66 53519.86 70653.90	|	    25.61    45.08    42.73	|
  2389.90	|	 29123.65 49611.10 69646.22	|	    10.06    19.50    24.98	|	 25707.00 47460.96 69413.34	|	    13.77    11.06    58.23	|	 24892.06 53963.96 71079.08	|	    26.85    43.74    42.31	|
  2399.90	|	 29222.00 49805.60 69896.16	|	     9.61    19.40    25.01	|	 25861.80 47583.28 69996.42	|	    17.19    13.42    58.33	|	 25166.27 54394.68 71499.96	|	    27.98    42.40    41.87	|
  2409.90	|	 29315.86 49999.04 70146.62	|	     9.16    19.29    25.08	|	 26050.75 47729.60 70578.74	|	    20.60    15.86    58.08	|	 25451.27 54812.02 71916.32	|	    29.01    41.06    41.40	|
  2419.90	|	 29405.34 50191.33 70397.98	|	     8.73    19.17    25.19	|	 26273.65 47900.84 71156.76	|	    23.98    18.40    57.46	|	 25746.13 55215.98 72328.00	|	    29.95    39.73    40.93	|
  2429.90	|	 29490.55 50382.37 70650.63	|	     8.31    19.04    25.34	|	 26530.28 48098.01 71726.74	|	    27.34    21.05    56.46	|	 26049.92 55606.60 72734.81	|	    30.80    38.40    40.43	|
  2439.90	|	 29571.61 50572.03 70904.97	|	     7.90    18.89    25.53	|	 26820.38 48322.22 72284.63	|	    30.67    23.81    55.04	|	 26361.80 55983.92 73136.61	|	    31.56    37.07    39.93	|
  2449.90	|	 29648.64 50760.19 71161.48	|	     7.51    18.74    25.78	|	 27143.53 48574.63 72825.95	|	    33.95    26.69    53.14	|	 26680.94 56347.99 73533.29	|	    32.25    35.75    39.41	|
  2459.90	|	 29721.77 50946.73 71420.67	|	     7.12    18.57    26.07	|	 27499.11 48856.50 73345.69	|	    37.15    29.70    50.71	|	 27006.56 56698.90 73924.74	|	    32.86    34.44    38.88	|
  2469.90	|	 29791.18 51131.49 71683.11	|	     6.76    18.38    26.43	|	 27886.16 49169.14 73838.04	|	    40.23    32.85    47.65	|	 27337.92 57036.73 74310.89	|	    33.40    33.13    38.35	|
  2479.90	|	 29857.09 51314.35 71949.50	|	     6.42    18.19    26.86	|	 28303.17 49513.83 74296.28	|	    43.13    36.11    43.86	|	 27674.30 57361.58 74691.66	|	    33.87    31.84    37.81	|
  2489.90	|	 29919.79 51495.17 72220.63	|	     6.12    17.98    27.38	|	 28747.78 49891.74 74712.46	|	    45.73    39.49    39.21	|	 28015.04 57673.54 75067.02	|	    34.27    30.56    37.26	|
  2499.90	|	 29979.74 51673.86 72497.44	|	     5.88    17.76    28.00	|	 29216.26 50303.72 75077.15	|	    47.87    42.91    33.54	|	 28359.48 57972.73 75436.95	|	    34.61    29.28    36.72	|
  2509.90	|	 30037.55 51850.38 72781.06	|	     5.70    17.55    28.74	|	 29702.85 50749.87 75379.19	|	    49.30    46.30    26.65	|	 28707.02 58259.26 75801.43	|	    34.89    28.02    36.18	|
  2519.90	|	 30094.19 52024.86 73072.79	|	     5.65    17.36    29.62	|	 30198.62 51228.93 75605.63	|	    49.63    49.45    18.39	|	 29057.09 58533.23 76160.47	|	    35.11    26.77    35.63	|
  2529.90	|	 30151.06 52197.66 73374.05	|	     5.76    17.22    30.65	|	 30689.93 51737.07 75742.13	|	    48.30    52.05     8.66	|	 29409.14 58794.74 76514.08	|	    35.29    25.53    35.09	|
  2539.90	|	 30210.25 52369.58 73686.29	|	     6.12    17.19    31.81	|	 31156.54 52266.19 75774.55	|	    44.55    53.54    -2.36	|	 29762.66 59043.89 76862.25	|	    35.41    24.30    34.55	|
  2549.90	|	 30274.64 52542.09 74010.49	|	     6.82    17.35    33.03	|	 31570.06 52801.53 75692.98	|	    37.55    53.14   -13.95	|	 30117.19 59280.76 77205.00	|	    35.49    23.08    34.00	|
  2559.90	|	 30347.85 52717.50 74346.51	|	     7.89    17.78    34.14	|	 31895.06 53319.87 75498.96	|	    26.83    50.01   -24.50	|	 30472.29 59505.43 77542.28	|	    35.52    21.86    33.45	|
  2569.90	|	 30433.48 52898.84 74692.16	|	     9.28    18.54    34.91	|	 32096.10 53790.96 75214.50	|	    12.99    43.70   -31.61	|	 30827.50 59718.00 77874.06	|	    35.51    20.66    32.90	|
  2579.90	|	 30533.73 53089.06 75042.86	|	    10.77    19.54    35.13	|	 32151.62 54185.26 74885.33	|	    -1.81    34.86   -33.21	|	 31182.39 59918.58 78200.27	|	    35.46    19.46    32.34	|
  2589.90	|	 30648.21 53289.88 75392.74	|	    12.08    20.62    34.76	|	 32066.00 54485.47 74569.92	|	   -14.81    25.20   -29.01	|	 31536.49 60107.31 78520.85	|	    35.35    18.29    31.78	|
  2599.90	|	 30774.10 53501.19 75736.72	|	    13.03    21.61    33.99	|	 31867.83 54692.48 74318.94	|	   -24.16    16.46   -20.70	|	 31889.32 60284.34 78835.79	|	    35.20    17.12    31.21	|
  2609.90	|	 30907.54 53721.51 76071.86	|	    13.60    22.42    33.03	|	 31595.88 54820.86 74162.01	|	   -29.63     9.56   -10.55	|	 32240.41 60449.81 79145.10	|	    35.01    15.97    30.65	|
  2619.90	|	 31045.02 53948.86 76397.23	|	    13.85    23.02    32.05	|	 31285.85 54890.25 74108.36	|	   -31.93     4.63    -0.25	|	 32589.31 60603.84 79448.80	|	    34.77    14.83    30.09	|
  2629.90	|	 31183.86 54181.39 76713.20	|	    13.89    23.46    31.16	|	 30964.77 54919.14 74154.34	|	   -31.99     1.40     9.29	|	 32935.58 60746.50 79746.92	|	    34.48    13.70    29.53	|
  2639.90	|	 31322.29 54417.59 77020.72	|	    13.78    23.76    30.37	|	 30651.01 54922.52 74290.43	|	   -30.57    -0.53    17.74	|	 33278.79 60877.86 80039.49	|	    34.15    12.57    28.98	|
  2649.90	|	 31459.15 54656.32 77320.92	|	    13.58    23.97    29.69	|	 30356.38 54911.75 74505.36	|	   -28.24    -1.48    25.06	|	 33618.49 60997.96 80326.48	|	    33.78    11.45    28.42	|
  2659.90	|	 31593.78 54896.76 77614.90	|	    13.34    24.11    29.12	|	 30088.16 54895.21 74788.21	|	   -25.34    -1.72    31.34	|	 33954.27 61106.82 80607.88	|	    33.37    10.33    27.86	|
  2669.90	|	 31725.78 55138.28 77903.64	|	    13.06    24.19    28.64	|	 29850.72 54879.05 75129.12	|	   -22.11    -1.43    36.70	|	 34285.65 61204.48 80883.65	|	    32.90     9.21    27.29	|
  2679.90	|	 31854.94 55380.42 78188.02	|	    12.77    24.23    28.25	|	 29646.57 54867.82 75519.46	|	   -18.70    -0.76    41.25	|	 34612.19 61290.94 81153.71	|	    32.39     8.09    26.72	|
  2689.90	|	 31981.18 55622.85 78468.78	|	    12.48    24.25    27.92	|	 29477.07 54864.93 75951.79	|	   -15.19     0.22    45.11	|	 34933.37 61366.24 81418.01	|	    31.83     6.97    26.14	|
  2699.90	|	 32104.48 55865.30 78746.57	|	    12.18    24.24    27.65	|	 29342.85 54872.98 76419.67	|	   -11.65     1.42    48.37	|	 35248.70 61430.42 81676.46	|	    31.22     5.86    25.55	|
  2709.90	|	 32224.89 56107.56 79021.96	|	    11.90    24.21    27.44	|	 29244.09 54894.01 76917.51	|	    -8.10     2.81    51.11	|	 35557.63 61483.51 81928.95	|	    30.55     4.76    24.95	|
  2719.90	|	 32342.46 56349.46 79295.45	|	    11.62    24.17    27.27	|	 29180.71 54929.65 77440.40	|	    -4.58     4.34    53.39	|	 35859.60 61525.60 82175.41	|	    29.83     3.66    24.34	|
  2729.90	|	 32457.28 56590.86 79567.49	|	    11.35    24.11    27.14	|	 29152.46 54981.25 77983.99	|	    -1.08     6.00    55.26	|	 36154.01 61556.74 82415.71	|	    29.04     2.57    23.72	|
  2739.90	|	 32569.45 56831.64 79838.48	|	    11.09    24.04    27.06	|	 29159.03 55049.96 78544.33	|	     2.39     7.76    56.75	|	 36440.23 61577.06 82649.76	|	    28.19     1.49    23.09	|
  2749.90	|	 32679.06 57071.68 80108.78	|	    10.84    23.96    27.01	|	 29200.06 55136.82 79117.83	|	     5.81     9.62    57.89	|	 36717.60 61586.66 82877.45	|	    27.27     0.43    22.45	|
  2759.90	|	 32786.23 57310.87 80378.75	|	    10.60    23.87    26.99	|	 29275.15 55242.73 79701.13	|	     9.20    11.57    58.71	|	 36985.44 61585.72 83098.68	|	    26.28    -0.62    21.80	|
  2769.90	|	 32891.06 57549.10 80648.71	|	    10.37    23.77    27.01	|	 29383.95 55368.59 80291.04	|	    12.55    13.61    59.22	|	 37243.00 61574.41 83313.35	|	    25.22    -1.64    21.14	|
  2779.90	|	 32993.66 57786.27 80918.98	|	    10.15    23.66    27.05	|	 29526.09 55515.25 80884.47	|	    15.87    15.73    59.42	|	 37489.54 61552.97 83521.37	|	    24.08    -2.64    20.47	|
  2789.90	|	 33094.15 58022.27 81189.88	|	     9.95    23.54    27.13	|	 29701.21 55683.55 81478.37	|	    19.15    17.94    59.31	|	 37724.24 61521.66 83722.66	|	    22.85    -3.61    19.79	|
  2799.90	|	 33192.65 58256.97 81461.71	|	     9.75    23.40    27.24	|	 29908.98 55874.37 82069.66	|	    22.40    20.24    58.89	|	 37946.28 61480.79 83917.16	|	    21.54    -4.55    19.11	|
  2809.90	|	 33289.28 58490.26 81734.80	|	     9.57    23.25    27.38	|	 30149.03 56088.60 82655.16	|	    25.61    22.62    58.15	|	 38154.76 61430.72 84104.81	|	    20.14    -5.45    18.42	|
  2819.90	|	 33384.17 58721.98 82009.48	|	     9.41    23.09    27.56	|	 30421.01 56327.18 83231.55	|	    28.78    25.11    57.07	|	 38348.78 61371.88 84285.59	|	    18.65    -6.31    17.73	|
  2829.90	|	 33477.46 58952.00 82286.11	|	     9.25    22.91    27.77	|	 30724.48 56591.12 83795.24	|	    31.91    27.70    55.61	|	 38527.36 61304.74 84459.51	|	    17.05    -7.11    17.05	|
  2839.90	|	 33569.29 59180.16 82565.08	|	     9.12    22.72    28.03	|	 31058.94 56881.46 84342.32	|	    34.97    30.39    53.74	|	 38689.51 61229.86 84626.58	|	    15.36    -7.86    16.37	|
  2849.90	|	 33659.84 59406.28 82846.82	|	     9.00    22.50    28.33	|	 31423.71 57199.31 84868.41	|	    37.97    33.20    51.40	|	 38834.19 61147.86 84786.90	|	    13.56    -8.53    15.70	|
  2859.90	|	 33749.30 59630.17 83131.81	|	     8.90    22.27    28.68	|	 31817.90 57545.85 85368.53	|	    40.85    36.13    48.53	|	 38960.28 61059.45 84940.57	|	    11.64    -9.14    15.04	|
  2869.90	|	 33837.93 59851.63 83420.62	|	     8.83    22.02    29.09	|	 32240.23 57922.23 85836.94	|	    43.58    39.17    45.04	|	 39066.64 60965.43 85087.78	|	     9.61    -9.65    14.41	|
  2879.90	|	 33926.02 60070.46 83713.88	|	     8.79    21.74    29.57	|	 32688.84 58329.59 86266.86	|	    46.09    42.32    40.81	|	 39152.06 60866.70 85228.77	|	     7.45   -10.07    13.80	|
  2889.90	|	 34013.97 60286.46 84012.38	|	     8.81    21.45    30.14	|	 33160.94 58768.88 86650.25	|	    48.26    45.55    35.70	|	 39215.28 60764.30 85363.90	|	     5.17   -10.39    13.23	|
  2899.90	|	 34102.35 60499.46 84317.04	|	     8.88    21.15    30.81	|	 33652.34 59240.61 86977.40	|	    49.91    48.79    29.53	|	 39254.92 60659.40 85493.60	|	     2.74   -10.57    12.72	|
  2909.90	|	 34191.94 60709.35 84628.97	|	     9.05    20.83    31.60	|	 34156.56 59744.43 87236.67	|	    50.77    51.94    22.09	|	 39269.56 60553.34 85618.46	|	     0.16   -10.61    12.27	|
  2919.90	|	 34283.91 60916.19 84949.48	|	     9.37    20.54    32.53	|	 34663.54 60278.19 87414.21	|	    50.37    54.73    13.16	|	 39257.61 60447.72 85739.25	|	    -2.58   -10.48    11.91	|
  2929.90	|	 34379.99 61120.33 85280.05	|	     9.89    20.30    33.61	|	 35157.60 60836.44 87494.46	|	    48.04    56.74     2.63	|	 39217.39 60344.45 85856.93	|	    -5.49   -10.13    11.65	|
  2939.90	|	 34482.76 61322.66 85622.07	|	    10.73    20.19    34.81	|	 35614.68 61407.77 87462.20	|	    42.79    57.18    -9.25	|	 39147.13 60245.92 85972.69	|	    -8.59    -9.52    11.52	|
  2949.90	|	 34595.90 61524.99 85976.32	|	    11.98    20.32    36.02	|	 35999.98 61971.13 87308.57	|	    33.52    54.93   -21.35	|	 39045.09 60155.13 86087.87	|	   -11.84    -8.57    11.54	|
  2959.90	|	 34723.92 61730.27 86341.74	|	    13.69    20.80    36.99	|	 36270.13 62493.46 87042.94	|	    19.82    48.83   -31.09	|	 38909.84 60075.71 86203.84	|	   -15.22    -7.24    11.68	|
  2969.90	|	 34870.75 61942.15 86714.05	|	    15.69    21.63    37.35	|	 36386.76 62934.44 86706.53	|	     3.32    38.81   -34.95	|	 38740.50 60011.62 86321.95	|	   -18.65    -5.51    11.97	|
  2979.90	|	 35037.39 62163.35 87085.95	|	    17.58    22.61    36.90	|	 36340.23 63263.02 86370.40	|	   -12.09    26.83   -31.01	|	 38536.74 59966.90 86443.77	|	   -22.10    -3.36    12.43	|
  2989.90	|	 35220.81 62393.92 87450.00	|	    19.01    23.46    35.83	|	 36160.47 63474.20 86106.81	|	   -22.95    15.76   -20.98	|	 38298.72 59945.80 86571.41	|	   -25.49    -0.78    13.14	|
  2999.90	|	 35415.71 62631.47 87801.60	|	    19.89    23.99    34.47	|	 35899.24 63587.38 85959.01	|	   -28.47     7.37    -8.43	|	 38027.40 59952.98 86707.60	|	   -28.74     2.30    14.15	|
  3009.90	|	 35617.02 62872.62 88139.42	|	    20.31    24.19    33.11	|	 35605.07 63631.09 85937.26	|	   -29.80     1.81     3.90	|	 37724.95 59993.45 86855.47	|	   -31.69     5.88    15.48	|
  3019.90	|	 35820.95 63114.31 88464.10	|	    20.43    24.11    31.85	|	 35312.10 63630.99 86032.14	|	   -28.46    -1.51    14.79	|	 37395.04 60072.13 87018.25	|	   -34.20     9.93    17.13	|
  3029.90	|	 36024.92 63354.24 88776.98	|	    20.33    23.84    30.75	|	 35040.96 63606.08 86227.30	|	   -25.58    -3.26    23.96	|	 37042.95 60193.35 87198.89	|	   -36.11    14.37    19.04	|
  3039.90	|	 36227.12 63590.78 89079.51	|	    20.08    23.45    29.78	|	 34803.15 63569.25 86506.00	|	   -21.88    -3.97    31.54	|	 36675.26 60360.28 87399.67	|	   -37.31    19.05    21.14	|
  3049.90	|	 36426.23 63822.95 89373.00	|	    19.72    22.98    28.94	|	 34604.72 63528.86 86853.55	|	   -17.75    -4.02    37.77	|	 36299.24 60574.62 87622.01	|	   -37.77    23.82    23.33	|
  3059.90	|	 36621.20 64050.20 89658.65	|	    19.26    22.47    28.21	|	 34448.80 63490.09 87257.77	|	   -13.40    -3.69    42.91	|	 35922.18 60836.60 87866.28	|	   -37.53    28.56    25.51	|
  3069.90	|	 36811.23 64272.34 89937.50	|	    18.73    21.96    27.58	|	 34337.06 63455.70 87708.70	|	    -8.92    -3.18    47.14	|	 35550.56 61145.38 88131.89	|	   -36.71    33.18    27.59	|
  3079.90	|	 36995.68 64489.42 90210.50	|	    18.15    21.46    27.04	|	 34270.73 63426.28 88198.18	|	    -4.32    -2.74    50.64	|	 35189.44 61499.95 88417.48	|	   -35.47    37.74    29.50	|
  3089.90	|	 37174.09 64701.62 90478.51	|	    17.53    20.99    26.58	|	 34251.38 63399.21 88719.14	|	     0.49    -2.81    53.44	|	 34841.83 61900.98 88721.43	|	   -34.05    42.57    31.28	|
  3099.90	|	 37346.18 64909.22 90742.34	|	    16.88    20.54    26.20	|	 34281.62 63364.49 89263.58	|	     5.61    -4.63    55.17	|	 34508.10 62355.85 89043.72	|	   -32.72    48.86    33.34	|
  3109.90	|	 37511.76 65112.52 91002.71	|	    16.23    20.12    25.89	|	 34360.00 63287.40 89807.02	|	     9.06   -12.13    51.52	|	 34191.34 62896.81 89401.45	|	   -29.61    60.65    40.12	|
  3119.90	|	 37670.85 65311.80 91260.32	|	    15.59    19.74    25.64	|	 34414.52 63149.72 90247.36	|	     1.21   -11.24    37.92	|	 33964.99 63539.51 89890.95	|	   -15.10    63.60    56.25	|
  3129.90	|	 37823.60 65507.43 91515.77	|	    14.96    19.40    25.45	|	 34413.75 63081.62 90612.82	|	    -0.33    -3.09    36.16	|	 33858.34 64148.54 90476.74	|	    -7.30    58.86    59.85	|
  3139.90	|	 37970.16 65699.88 91769.58	|	    14.35    19.10    25.32	|	 34417.08 63076.76 90976.93	|	     1.16     1.77    36.74	|	 33809.42 64726.32 91079.94	|	    -2.67    56.97    60.64	|
  3149.90	|	 38110.68 65889.59 92022.23	|	    13.75    18.85    25.22	|	 34438.58 63112.45 91347.77	|	     3.17     5.22    37.42	|	 33802.79 65291.03 91687.91	|	     1.29    56.05    60.89	|
  3159.90	|	 38245.31 66076.97 92274.16	|	    13.17    18.63    25.17	|	 34480.75 63178.96 91724.90	|	     5.27     8.01    37.99	|	 33834.42 65848.20 92296.74	|	     5.00    55.40    60.83	|
  3169.90	|	 38374.23 66262.40 92525.77	|	    12.61    18.46    25.16	|	 34543.91 63271.41 92107.12	|	     7.36    10.44    38.43	|	 33902.18 66398.96 92903.67	|	     8.52    54.75    60.52	|
  3179.90	|	 38497.65 66446.20 92777.40	|	    12.08    18.31    25.18	|	 34627.91 63387.01 92493.23	|	     9.43    12.66    38.77	|	 34004.09 66942.81 93506.34	|	    11.83    54.01    59.98	|
  3189.90	|	 38615.81 66628.65 93029.38	|	    11.56    18.19    25.22	|	 34732.53 63524.11 92882.20	|	    11.49    14.75    39.01	|	 34138.00 67478.70 94102.67	|	    14.91    53.15    59.26	|
  3199.90	|	 38728.96 66809.96 93281.97	|	    11.07    18.08    25.30	|	 34857.69 63681.70 93273.09	|	    13.54    16.76    39.15	|	 34301.53 68005.46 94690.94	|	    17.75    52.18    58.37	|
  3209.90	|	 38837.33 66990.30 93535.40	|	    10.61    17.99    25.39	|	 35003.44 63859.25 93665.00	|	    15.61    18.75    39.21	|	 34492.20 68522.02 95269.73	|	    20.34    51.11    57.37	|
  3219.90	|	 38941.17 67169.77 93789.87	|	    10.16    17.91    25.50	|	 35170.00 64056.60 94057.06	|	    17.71    20.73    39.19	|	 34707.44 69027.46 95837.96	|	    22.67    49.96    56.27	|
  3229.90	|	 39040.67 67348.43 94045.54	|	     9.74    17.83    25.63	|	 35357.80 64273.89 94448.40	|	    19.86    22.74    39.07	|	 34944.74 69521.11 96394.84	|	    24.75    48.76    55.10	|
  3239.90	|	 39136.02 67526.28 94302.57	|	     9.33    17.74    25.78	|	 35567.50 64511.59 94838.03	|	    22.09    24.81    38.84	|	 35201.66 70002.47 96939.83	|	    26.59    47.51    53.89	|
  3249.90	|	 39227.36 67703.27 94561.09	|	     8.94    17.65    25.93	|	 35800.02 64770.46 95224.90	|	    24.43    26.98    38.51	|	 35475.90 70471.23 97472.63	|	    28.22    46.24    52.66	|
  3259.90	|	 39314.77 67879.30 94821.25	|	     8.55    17.55    26.10	|	 36056.62 65051.66 95607.70	|	    26.92    29.29    38.03	|	 35765.31 70927.24 97993.09	|	    29.63    44.96    51.43	|
  3269.90	|	 39398.28 68054.22 95083.21	|	     8.16    17.43    26.29	|	 36338.97 65356.83 95984.85	|	    29.59    31.78    37.37	|	 36067.91 71370.46 98501.23	|	    30.86    43.68    50.20	|
  3279.90	|	 39477.86 68227.79 95347.15	|	     7.76    17.28    26.50	|	 36649.34 65688.22 96354.27	|	    32.53    34.54    36.47	|	 36381.92 71800.98 98997.14	|	    31.91    42.42    48.99	|
  3289.90	|	 39553.35 68399.68 95613.35	|	     7.34    17.09    26.74	|	 36990.80 66048.96 96713.12	|	    35.83    37.68    35.23	|	 36705.68 72218.93 99481.04	|	    32.81    41.17    47.80	|
  3299.90	|	 39624.48 68569.43 95882.19	|	     6.88    16.85    27.03	|	 37367.59 66443.53 97057.22	|	    39.63    41.35    33.48	|	 37037.73 72624.54 99953.17	|	    33.57    39.95    46.64	|
  3309.90	|	 39690.77 68736.34 96154.30	|	     6.36    16.52    27.41	|	 37785.89 66878.62 97380.02	|	    44.18    45.84    30.89	|	 37376.76 73018.05100413.85	|	    34.21    38.76    45.51	|
  3319.90	|	 39751.38 68899.32 96430.79	|	     5.74    16.05    27.93	|	 38255.14 67364.88 97670.01	|	    49.92    51.71    26.74	|	 37721.58 73399.74100863.41	|	    34.74    37.59    44.41	|
  3329.90	|	 39804.85 69056.44 96713.97	|	     4.91    15.31    28.80	|	 38791.10 67921.36 97903.57	|	    57.73    60.20    19.07	|	 38071.16 73769.90101302.18	|	    35.16    36.45    43.35	|
  3339.90	|	 39848.37 69203.57 97010.25	|	     3.70    13.95    30.81	|	 39422.84 68588.95 98015.94	|	    69.48    74.98    -0.19	|	 38424.57 74128.83101730.50	|	    35.51    35.34    42.32	|
  3349.90	|	 39882.71 69331.12 97356.52	|	     6.00    12.61    42.85	|	 40141.36 69461.36 97635.73	|	    45.44    88.35  -119.63	|	 38781.02 74476.86102148.72	|	    35.77    34.27    41.33	|
  3359.90	|	 40041.31 69545.82 97748.93	|	    17.15    24.21    33.09	|	 39625.56 69465.50 96817.90	|	   -63.97   -26.31   -19.88	|	 39139.78 74814.34102557.15	|	    35.97    33.23    40.37	|
  3369.90	|	 40202.27 69784.93 98062.16	|	    15.25    23.60    30.21	|	 39091.10 69237.75 96800.69	|	   -45.04   -19.17     9.89	|	 39500.23 75141.64102956.16	|	    36.11    32.23    39.44	|
  3379.90	|	 40349.04 70018.42 98358.78	|	    14.19    23.13    29.25	|	 38697.70 69076.08 96958.45	|	   -34.47   -13.48    20.34	|	 39861.85 75459.07103346.08	|	    36.20    31.26    38.55	|
  3389.90	|	 40487.15 70247.98 98648.73	|	    13.48    22.80    28.79	|	 38390.33 68963.40 97191.68	|	   -27.39    -9.24    25.83	|	 40224.17 75766.98103727.22	|	    36.25    30.32    37.68	|
  3399.90	|	 40619.15 70474.69 98935.20	|	    12.95    22.56    28.53	|	 38143.95 68888.33 97468.28	|	   -22.10    -5.89    29.26	|	 40586.77 76065.66104099.84	|	    36.26    29.42    36.85	|
  3409.90	|	 40746.44 70699.25 99219.63	|	    12.53    22.36    28.37	|	 37944.75 68843.78 97773.42	|	   -17.87    -3.10    31.63	|	 40949.26 76355.42104464.23	|	    36.23    28.54    36.03	|
  3419.90	|	 40869.92 70922.10 99502.83	|	    12.18    22.21    28.28	|	 37784.17 68825.08 98098.91	|	   -14.34    -0.70    33.38	|	 41311.29 76636.53104820.61	|	    36.17    27.69    35.25	|
  3429.90	|	 40990.20 71143.52 99785.28	|	    11.88    22.08    28.22	|	 37656.44 68828.96 98439.66	|	   -11.28     1.43    34.72	|	 41672.52 76909.26105169.22	|	    36.07    26.86    34.48	|
  3439.90	|	 41107.72 71363.74100067.29	|	    11.63    21.97    28.19	|	 37557.47 68853.03 98792.30	|	    -8.57     3.35    35.77	|	 42032.64 77173.87105510.28	|	    35.95    26.06    33.74	|
  3449.90	|	 41222.81 71582.91100349.09	|	    11.40    21.87    28.17	|	 37484.23 68895.51 99154.41	|	    -6.12     5.12    36.62	|	 42391.38 77430.60105844.00	|	    35.80    25.29    33.01	|
  3459.90	|	 41335.72 71801.14100630.83	|	    11.19    21.78    28.18	|	 37434.42 68955.02 99524.23	|	    -3.87     6.77    37.32	|	 42748.46 77679.67106170.59	|	    35.62    24.53    32.31	|
  3469.90	|	 41446.66 72018.53100912.63	|	    11.00    21.70    28.19	|	 37406.26 69030.50 99900.39	|	    -1.78     8.32    37.89	|	 43103.64 77921.31106490.23	|	    35.41    23.80    31.62	|
  3479.90	|	 41555.79 72235.12101194.58	|	    10.83    21.62    28.21	|	 37398.35 69121.11100281.80	|	     0.18     9.79    38.37	|	 43456.68 78155.73106803.10	|	    35.19    23.09    30.96	|
  3489.90	|	 41663.25 72450.97101476.75	|	    10.67    21.55    28.23	|	 37409.58 69226.19100667.58	|	     2.05    11.21    38.77	|	 43807.37 78383.12107109.39	|	    34.94    22.40    30.31	|
  3499.90	|	 41769.13 72666.10101759.20	|	    10.51    21.48    28.26	|	 37439.07 69345.25101057.00	|	     3.84    12.59    39.10	|	 44155.49 78603.69107409.27	|	    34.68    21.72    29.67	|
  3509.90	|	 41873.54 72880.55102041.98	|	    10.37    21.41    28.29	|	 37486.14 69477.91101449.43	|	     5.57    13.94    39.37	|	 44500.85 78817.62107702.90	|	    34.39    21.07    29.06	|
  3519.90	|	 41976.54 73094.30102325.12	|	    10.23    21.34    28.33	|	 37550.24 69623.88101844.31	|	     7.25    15.26    39.59	|	 44843.27 79025.08107990.44	|	    34.09    20.43    28.46	|
  3529.90	|	 42078.19 73307.38102608.65	|	    10.10    21.27    28.37	|	 37630.98 69783.01102241.14	|	     8.90    16.57    39.77	|	 45182.58 79226.25108272.05	|	    33.77    19.81    27.87	|
  3539.90	|	 42178.53 73519.76102892.61	|	     9.97    21.20    28.42	|	 37728.08 69955.19102639.47	|	    10.52    17.87    39.89	|	 45518.60 79421.30108547.88	|	    33.43    19.20    27.30	|
  3549.90	|	 42277.60 73731.43103177.03	|	     9.84    21.13    28.47	|	 37841.37 70140.42103038.86	|	    12.14    19.18    39.98	|	 45851.18 79610.37108818.07	|	    33.08    18.61    26.74	|
  3559.90	|	 42375.41 73942.38103461.93	|	     9.72    21.06    28.52	|	 37970.80 70338.78103438.88	|	    13.75    20.50    40.02	|	 46180.17 79793.63109082.77	|	    32.71    18.04    26.20	|
  3569.90	|	 42471.99 74152.56103747.35	|	     9.60    20.98    28.57	|	 38116.39 70550.45103839.14	|	    15.37    21.84    40.02	|	 46505.42 79971.22109342.11	|	    32.33    17.48    25.67	|
  3579.90	|	 42567.32 74361.94104033.31	|	     9.47    20.90    28.62	|	 38278.31 70775.67104239.18	|	    17.02    23.21    39.98	|	 46826.80 80143.29109596.23	|	    31.94    16.94    25.16	|
  3589.90	|	 42661.39 74570.47104319.84	|	     9.34    20.81    28.68	|	 38456.81 71014.82104638.57	|	    18.69    24.62    39.89	|	 47144.17 80309.98109845.27	|	    31.53    16.40    24.65	|
  3599.90	|	 42754.19 74778.09104606.98	|	     9.21    20.71    28.75	|	 38652.27 71268.35105036.82	|	    20.41    26.09    39.75	|	 47457.40 80471.41110089.34	|	    31.11    15.89    24.16	|
